coords: [[-0.575169, 0.0, 0.0], [0.575169, 0.0, 0.0]]
charges: [6, 8]
charge: 0
spin: 0
unit: angstrom
