coords: [[-0.52918, 0.0, 0.0], [0.52918, 0.0, 0.0]]
charges: [1, 1]
charge: 1
spin: 1
unit: angstrom
