coords: [[0.0, 0.0, 0.0], [0.75695, 0.58588, 0.0], [-0.75695, 0.58588, 0.0]]
charges: [8, 1, 1]
charge: 0
spin: 0
unit: angstrom
