coords: [[-0.564989, 0.0, 0.0], [0.564989, 0.0, 0.0]]
charges: [7, 7]
charge: 0
spin: 0
unit: angstrom
