coords: [[-0.621265, 0.0, 0.0], [0.621265, 0.0, 0.0]]
charges: [6, 6]
charge: 0
spin: 0
unit: angstrom
